1137.3633362365647 119.74396750793707
1173.4803075622367 115.37055466880814
1175.8936714564943 115.00700695370081
1180.2898794529262 114.23193132530886
1197.6000689875661 114.19372351595388
1198.937882118428 114.01277571133004
1210.1689613350718 113.72276323810864
1212.201217936139 109.8099279938877
1233.4648696117865 109.34632437582935
1236.5619705818917 107.35527976318684
1239.1198093150576 106.60906391442383
1239.6453299448667 106.55227543890855
1312.433456654231 106.29658886090817
1378.7034918632073 106.18694424852524
1380.2185161134203 106.00258110734072
1436.7442654016909 105.19296375552221

