1184.411217598091 135.92274407340562
1186.4837694815255 129.7549830475661
1191.8623437186002 122.5907936895386
1191.8623437186004 122.59079368953857
1193.4736478337272 121.3694590401009
1193.863718569301 120.70300583480916
1194.3484003163521 119.7439675079371
1202.421320766952 119.52311265837574
1204.5620137247051 115.28832889479311
1207.3211781670682 115.16323102803787
1216.2576793176002 110.81872846249031
1234.6171700419782 106.63403654075921
1245.621008740196 106.17929051731207
1344.7251587509804 105.32409144123946

