25096.54711644323 1771.3179506549038
25140.717346962156 1770.3717385739303
25143.823218908245 1750.6508392209637
25149.160034771667 1743.5828703404272
25152.801603576183 1743.582870340427
25217.812703142157 1696.7954236172661
25262.331566343473 1678.8694000294965
25376.38748318382 1651.5208970150393
25379.274729846493 1581.0102426289418
25426.05978843566 1566.0010260949043
25439.08647700953 1562.8057560386494
25628.36379033495 1562.1082962368348
25706.988102903986 1559.9594686568746
25806.066603811643 1538.7408437674096
25984.729522352634 1527.7559289828082
26413.253929452487 1483.6501255473866
27912.040688991285 1479.3515198142866

