25240.683762106648 2022.4419500145045
25261.077607235587 1724.1519359418855
25465.964616407116 1720.2765562358559
25476.57896604221 1716.9454839797813
25477.553893476314 1666.5610922615886
25497.074842336136 1633.066812092232
25537.179017830633 1632.259190810014
25556.091958274406 1628.7260003563708
25583.787347760725 1626.5624295348102
25632.465176881815 1619.4135440617092
25734.37058992388 1597.9331771819263
25747.900140725167 1590.1329653757023
25811.655873410156 1588.3528782252204
25864.320806289412 1493.9573821178785
25874.92283209532 1493.795672933693

