23920.099029404584 1837.886246814385
23920.67489903557 1827.7637962374015
23925.536904196524 1772.2986290335273
23929.71722451916 1704.5593750407884
23986.259922890444 1703.7053839814184
24012.822409042532 1698.4690688299304
24189.902056363055 1542.8696019222955
24514.071813632072 1492.6907245417945
24588.793862131934 1491.5824807770312
25030.22572201426 1478.2098320760454
25048.494443499676 1474.5168868891894
25133.873644028223 1467.2478437285286
25160.457558566453 1464.5749278920596
25209.904433464584 1461.2223795273144
26603.93876397066 1443.6316462928173
26626.9071799298 1431.8615186252873
26634.266706974446 1415.947940750901
26662.90049765222 1412.5182350585787

