23965.64119397141 1916.1154345358389
23986.922519313848 1913.2061145760115
24007.10605106547 1912.1082835094676
24082.576243503387 1907.8368280295558
24102.911831904486 1538.8333752058825
24760.18327475852 1537.6785393901785
24803.53810965891 1509.4328878913188
24953.65225201757 1508.3892203917587
25102.148822687534 1468.816737416392
25871.68206483317 1465.7585189596803
26013.56681043811 1448.6296072697107
26030.784791447644 1447.8671403649398
26058.967831858496 1446.457786010249
26060.774733653307 1443.0285722534725

