25072.34662518918 1751.6371986642052
25141.119205398674 1743.582870340427
25217.812703142154 1696.7954236172661
25217.812703142157 1696.795423617266
25218.579017689186 1678.8694000294965
25355.495724129152 1589.4919092892476
25363.535719716914 1572.3923450629852
25363.535719716918 1572.3923450629843
25376.66835868889 1566.0010260949043
25419.15708505503 1562.8241170772267
25439.08647700953 1562.8057560386494
25605.775575115407 1562.1082962368348
25666.59184684575 1551.2588677256988
25773.675549929238 1538.7408437674098
25773.675549929245 1538.7408437674096
25917.439791094435 1527.7559289828082
26361.856546167997 1479.1188343106621
