25240.683762106648 2022.4419500145045
25258.139499281035 1724.1519359418855
25415.73114881818 1716.9454839797813
25476.735081137143 1666.5610922615886
25497.074842336093 1633.066812092232
25537.179017830593 1632.259190810014
25556.091958274363 1628.726000356371
25556.091958274406 1628.7260003563708
25583.787347760677 1626.5624295348102
25583.78734776068 1626.56242953481
25622.185890889952 1606.674465965248
25732.761607332883 1597.9331771819263
25743.765554868678 1590.1329653757023
25803.584937388907 1588.3528782252204
25864.320806289412 1493.9573821178785
25874.92283209532 1493.795672933693
