23877.062842316496 1703.7053839814184
24012.822409042532 1698.4690688299304
24176.28510724953 1542.8696019222955
24506.510402245764 1491.5824807770312
24997.66898899718 1474.5168868891894
25131.185494629433 1467.2478437285286
25133.64213786918 1467.2478437285283
25134.56987232374 1467.23539774796
25160.457558566453 1464.5749278920596
25160.45755856647 1464.5749278920593
25168.29196472966 1463.611269461087
25177.892508663615 1461.2223795273144
26574.58108882472 1413.5115042421467
26620.056711552 1412.5182350585787
