23965.641193971373 1916.1154345358389
23982.626052998578 1913.2095884799696
23986.92251931381 1913.2061145760115
24000.894646347682 1912.1082835094676
24041.397745808896 1907.8368280295558
24098.91772698358 1538.8333752058825
24760.18327475852 1537.6785393901785
24803.53810965891 1509.4328878913188
24950.653490298933 1508.3892203917587
25102.148822687534 1468.816737416392
25658.293935544712 1448.629607269711
25658.29393554472 1448.6296072697103
25660.85094669519 1447.86714036494
26016.123821588466 1447.8671403649398
26058.967831858376 1446.457786010249
26058.967831858386 1446.4577860102488
26059.40024692692 1445.6953191054781
26060.774733653307 1443.0285722534725
