21086.36239265616 2013.1095672929757
21182.20332983901 1791.2385238036886
21378.577627255287 1739.4883351689634
21436.418579250596 1724.4267591422222
21487.411818034292 1703.353152060841
21531.028370300093 1675.873481621079
21574.04851172712 1647.6606740453299
21577.456214137346 1640.8459532973138
21637.52770122813 1623.3726099662688
21942.689676889793 1608.756881432894
22077.80486869033 1596.0483724922346
22121.903391215103 1595.463274071622
22568.5865321713 1576.532358913433
22593.816055595606 1566.2711050136159
22653.932545520656 1552.5739187263941
22669.72039925369 1552.4999981174362
22719.31750830578 1546.3393481749765
22886.069730903422 1546.177219852438
23461.084019475507 1534.050590068477
23603.858709845972 1526.8652480332391
23841.99033693292 1516.9092336549309

