21693.181050164083 1922.8064006178588
21710.455658481394 1888.0378148137374
21742.661954658164 1871.4192195689373
21746.47714360688 1865.102711285129
21750.404747008084 1841.7897123271023
21783.2353028088 1822.5624348625106
21838.880325203216 1684.2253560980093
21870.20014843218 1673.017044524462
21902.9726320048 1670.1541053886892
21914.306772867563 1603.9263828042392
22653.61009235838 1600.8952719826161
22693.05616370055 1588.403446801534
22884.031428059174 1574.7035216607537
23267.461829048272 1568.5123932721453
23700.020753153512 1567.8541608183536
23926.70536799101 1557.6469536094999
24393.346625234262 1554.3821366669758
24397.736139680244 1554.0441057160604
24474.12695307931 1548.4934903581384
24478.680257685766 1538.660949189438

