21150.286375141342 1827.1255894183514
21174.29344502435 1814.3246041591071
21204.956629998225 1776.2263192004398
21282.44352171448 1745.064284240743
21323.682196888338 1728.85927199787
21332.259867672656 1716.4294879495433
21342.049070920333 1714.9757552247193
21355.194379487693 1712.5855059622866
21404.7616134422 1699.950356987818
21476.597654977137 1669.9693979210426
21557.464564844387 1609.6001997211395
21623.877961041537 1609.5187348891193
21670.583662839177 1609.0045664979068
21833.994145755678 1606.4984068288495
21917.336245832095 1572.0903111067748
22154.317967474257 1572.087458268396
22164.182295905626 1571.954639538143
22179.50736568962 1551.130058541066
23573.25392510174 1551.0970708184127
23932.39887322365 1548.6566664019454
23941.25931409183 1542.4214687806075

