21596.56859339541 1804.0877150415022
21664.88836312879 1727.749514080712
21887.339382818376 1727.7495140807118
21911.655231808567 1727.7495140807114
21914.029975440953 1721.7936197937934
21983.25596839435 1713.9043942185688
21993.31859690003 1624.738614565582
22071.114334411184 1623.1230912253006
22523.296771855155 1619.3486055317414
22538.21700078526 1613.7750118545978
22540.919288793775 1608.6212933375386
22579.893244091745 1605.1726339872976
22641.9916425428 1596.4561088313483
22653.052735645615 1579.366042876834
22656.60804537103 1575.2750025812202
23465.54376245952 1573.7293791801244
23570.80345018594 1572.2071610624903
23717.29219897049 1550.0594962857988

