21701.275840625873 1763.5645492524197
21727.361150459914 1763.4507482778981
21744.390392762092 1722.1984319357573
21783.56292844171 1702.2113682814877
21876.40376134228 1690.9086370169355
21888.30504771165 1671.4427947940942
21909.822151495635 1656.623634135074
22055.129242702507 1645.2814259626412
22116.71087007669 1616.479467357657
22370.1482243672 1585.0682765974902
22542.25154750765 1581.972974763909
22585.559668669375 1554.1300407675872
23259.791280541533 1538.5472135433704
23354.884119101524 1532.1478806784314

