21089.15069915017 1805.0166002232534
21156.20870511845 1782.128584952606
21234.33198036377 1723.7110169396458
21353.545969123596 1709.0265763249968
21358.95542480494 1704.4552261789288
21404.876431149907 1671.7915002638538
21461.121799696648 1669.5206124654983
21472.426783288844 1655.8170646191227
21832.9645004817 1651.0114094483947
21877.834351246685 1641.9980897067169
21978.09825730667 1637.135948405527
22285.85475522422 1611.792984956738
22293.302880643783 1609.5074647325405
22356.564098633753 1608.5451800450528
22375.93688893516 1607.239571844401
22396.390651831556 1603.6279508791138
22452.154839424853 1600.6804337807666
22509.301625784647 1599.1701770987493
22562.856100741534 1556.033627118907
24263.907294830184 1542.59233816275
24318.745196145614 1542.5323633319244
24417.078338824344 1541.9726956384184

