21365.73735244226 1885.5094233830396
21419.44025760409 1802.9699615223324
21423.204626495273 1796.1660150068026
21544.92838782438 1764.9539111472254
21585.602580134197 1763.2179524868195
21640.385751402766 1761.676577632586
21670.292973535146 1702.193943202235
21721.274036577972 1702.061124471982
21739.92506332256 1701.8713773215354
21852.26040744748 1694.1620574585318
21864.83362718905 1691.7726575415713
21973.51306616212 1681.9362541902442
21978.70759235785 1677.3672106870408
21988.67809332138 1676.1081238245672
21990.30323610734 1676.0707376313198
22186.665146687617 1674.3696487711966
22230.754603595655 1648.6182454348834
22239.1241307529 1645.0555393816387
22239.498941155965 1643.5895603910185
22261.89961835932 1588.0558702501703
22853.37207281894 1585.2664888217798
22869.49529642767 1582.6724993496225
23378.28047478846 1578.3309845565882
23563.071788913367 1577.5291234057108
23598.36743416716 1566.0287497077072
23638.01328009102 1561.4066737434373
23664.01902698131 1547.8847354997233
23759.32853262088 1547.884735499723
24018.716338610295 1546.5901886108286
24866.907846238777 1527.0126827785216
24875.250539688543 1526.1393346547736
24914.48715572753 1525.2118069438425

