21701.275840625873 1763.5645492524197
21716.41219658735 1722.1984319357573
21718.05570898943 1702.2113682814877
21846.28249519945 1661.480670102779
21847.370295985238 1649.7017669344607
22018.29982320286 1645.2814259626412
22116.710870076673 1616.4794673576573
22116.710870076677 1616.479467357657
22370.148224367185 1585.0682765974905
22370.14822436719 1585.0682765974902
22459.580560691164 1549.794316604251
22459.580560691174 1549.7943166042508
22737.003465844144 1549.7922516292697
22744.281575070487 1549.6467859329055
23172.868077306022 1548.8440125893644
23234.226262444656 1548.5287783827184
23259.65750423813 1538.5472135433704
23325.978377008512 1537.3426221913496
23354.75034279812 1532.1478806784314
