21110.515692999837 1814.3246041591071
21184.638325828855 1746.9453555973582
21192.52082417117 1745.0642842407428
21264.77402042182 1692.4650564290682
21356.692251651086 1682.330357483578
21356.692251651093 1682.3303574835777
21360.39106119972 1669.9693979210433
21360.391061199727 1669.9693979210424
21401.401340210712 1657.0178035911513
21532.072254896393 1609.6001997211395
21598.48565109354 1609.5187348891182
21645.191352891175 1609.0045664979054
21808.601835807684 1606.4984068288495
21898.751756459293 1553.5058217339406
22121.010139138994 1551.1300585410654
22257.554173819233 1537.7601318907414
