21305.971015957963 1796.1660150068026
21508.944433461882 1767.38993278574
21511.525109155205 1764.9539111472252
21533.607866095146 1764.6608328509656
21541.242358729032 1763.2179524868193
21587.538157783318 1761.676577632586
21642.607757360514 1702.193943202235
21642.60775736052 1702.1939432022348
21693.981975878993 1701.8713773215352
21693.981975879004 1701.8713773215347
21697.320217302557 1701.289927446318
21697.320217302564 1701.2899274463173
21763.784184748554 1674.3696487711966
22229.033607747588 1643.5895603910185
22261.89961835932 1588.0558702501703
22694.32844362252 1582.6724993496225
23142.351872268482 1574.0307067714043
23187.45508696177 1561.019018648297
23294.22072985682 1556.7630226354836
23294.220729856832 1556.7630226354834
23323.775723146646 1548.1348103558562
23336.324381891307 1541.5229294143348
23431.63388753088 1540.5840036147802
24853.614262723215 1526.1393346547736
24914.48715572753 1525.2118069438425
