21086.362392656145 2013.1095672929762
21086.36239265616 2013.1095672929757
21128.767297220762 1791.2385238036886
21370.156849091058 1714.6906285239056
21398.29735814031 1709.3707621640503
21449.290596924002 1675.873481621079
21449.29059692401 1675.8734816210788
21574.048511727087 1647.6606740453299
21577.456214137317 1640.8459532973138
21637.5277012281 1623.3726099662688
21679.765565952046 1615.899935761786
21848.88501032197 1615.8999357617856
21942.689676889764 1608.756881432894
22077.804868690328 1596.0483724922346
22121.903391215103 1595.463274071622
22568.5865321713 1576.532358913433
22577.444194294087 1549.8992437120864
22719.31750830578 1546.3393481749765
22886.069730903422 1546.177219852438
23423.792717566957 1534.050590068477
23485.663153339578 1526.8652480332391
23761.416784703495 1516.9092336549309
