21693.181050164083 1922.8064006178588
21710.455658481387 1888.037814813737
21716.11519401583 1791.6792739006928
21740.863655097397 1787.7938490583888
21833.289303486967 1676.1983127432336
21858.180578088137 1673.017044524462
21902.9726320048 1670.1541053886892
21914.306772867563 1603.9263828042392
22653.61009235838 1600.8952719826161
22693.05616370055 1588.403446801534
22884.031428059174 1574.7035216607537
23143.273194884056 1568.5123932721453
23542.914139674416 1567.8541608183536
23902.940948285137 1557.6469536094999
24133.058724685186 1551.4736350684302
24464.249640171503 1538.660949189438
