108586.9362313317 3263.7374611123305
109052.71369390767 3203.618619871196
109116.59162938385 3171.8842761111723
109188.35197603017 3146.7341881180237
109225.993460222 3109.1828788530543
109261.48163229873 3078.911071742646
109306.78523492932 3073.5815743076805
109363.13344729299 3072.4344754300687
109377.88278247845 3060.8215854219525
109579.62185603585 3050.030242650289
109802.57647994194 3034.997229753024
109974.27787010683 3030.733983243865
110478.4807239363 3024.966562652625
110614.45872891968 2978.252016350817
111124.08123387244 2974.59145259351
111341.98229606522 2973.16676114049
111355.06475067801 2971.190301486113
114389.34756682238 2958.7095936071537
115508.77991143677 2953.9321999395906

