90509.74699685373 2986.4720386246768
90996.23345497792 2943.4565764624817
91000.8768030308 2943.4565764624813
91052.29026112692 2927.2281459253772
91285.87177902671 2915.168446690786
91685.00878470624 2914.853071503885
91720.88445157377 2904.927256860208
91874.92286630471 2901.574636541732
92173.1265898614 2893.9353102566847
92440.36070995967 2891.954650874204
93768.62347792141 2868.9926129040305
94632.57065893256 2867.482852303675
94678.62843952446 2867.227116005773
94932.57896365822 2864.0929835599068
95002.58596985858 2864.049231177565
95030.59895460316 2860.326272363748
117075.38474387456 2857.0561801701383

