89469.48480677571 3058.739162362452
89578.41654349664 3044.4226596764884
89762.73016200181 2984.148090181556
90142.78692650466 2967.016276569016
90597.00827596305 2925.4316642916856
90597.22505408328 2908.437148768443
91949.374601288 2889.5332819949294
92657.64365970329 2887.0875578512096
92854.93934123582 2886.016462446604
93680.36427125722 2872.6476885280726
96007.17635444876 2859.8939890989645
96042.76522136244 2859.029383634141
96054.47906090532 2858.7290647340837
96058.63825160255 2858.1774959787567

