88802.70183684552 3127.653230930841
89505.69549799337 3000.252352587688
89803.67809192528 2989.429626739677
90131.15848906394 2975.555457391716
90525.58311023646 2944.746895573848
90525.96860155427 2944.7468955738477
90574.0908377896 2933.6663108763423
90782.84107403937 2906.0768654545495
92302.32418309577 2881.3799702585775
92626.75066975734 2866.45936572533
92631.97936867192 2865.98831004957
92733.88272660863 2864.234867496794
92760.90693524873 2860.340265268854
93774.82840865804 2839.9282533963674
