89701.44250553499 3000.252352587688
90326.90549660553 2975.555457391716
90808.94147395935 2906.0768654545495
91004.71747577658 2895.2426764558877
91004.7174757766 2895.242676455887
91023.58124265858 2892.668603131175
91975.55506524986 2891.967315749879
92004.2156354151 2881.3799702585775
92754.66695128825 2878.6821907035214
92804.29611400713 2878.3221805206845
92810.45392745854 2877.6040032729215
93251.95921928764 2875.540859174379
93284.68370506637 2874.482097463878
93753.72187613003 2865.3670888912743
99426.02509305802 2864.616496461351
99918.0039454154 2856.7529331763444
