108586.9362313317 3263.7374611123305
108957.2599302189 3171.899939082564
109063.60477112293 3171.884276111172
109154.28032816037 3078.9206718436503
109216.96592587933 3073.694032540753
109228.11338376923 3073.5815743076805
109324.24782981697 3061.0586180092946
109357.99133029283 3060.8215854219525
109571.63580613722 3050.030242650289
109754.21957394859 3034.997229753024
109887.8379217431 3030.733983243865
109887.83792174312 3030.7339832438647
109963.42082450731 3024.966562652625
109974.8479625978 3018.6602701760253
110106.16535456738 3016.7330700509456
110133.89690256097 2978.252016350817
110863.73055202077 2974.59145259351
111184.26403991804 2974.169507140094
111205.25835893996 2973.16676114049
111354.01883675317 2972.7854175500042
111355.06475067801 2971.190301486113
111355.06475067821 2971.1903014861127
114389.34756682238 2958.7095936071537
115508.77991143677 2953.9321999395906
