89469.48480677571 3058.739162362452
89578.41654349664 3044.4226596764884
89762.73016200181 2984.148090181556
90142.78692650466 2967.016276569016
90597.00827596305 2925.4316642916856
90597.22505408297 2908.437148768443
90709.24007505701 2907.1329940474207
91949.26708656418 2889.41856932843
92603.57233899462 2887.0875578512096
92839.89870995756 2886.017221856586
92840.47955122168 2886.016462446604
93680.36427125722 2872.6476885280726
96007.17635444847 2859.893989098965
96007.17635444876 2859.8939890989645
96042.76522136244 2859.029383634141
96054.47906090501 2858.7290647340837
96054.66241189369 2858.236240866904
96058.63825160224 2858.177495978757
96058.63825160255 2858.1774959787567
