90509.74699685373 2986.4720386246768
90989.43225658732 2943.4565764624813
91052.29026112692 2927.2281459253772
91256.71830240282 2915.168446690786
91470.02608032603 2914.8530715038855
91542.67878769399 2904.9272568602087
91587.58192373332 2904.927256860208
91874.92286630467 2901.5746365417326
91874.92286630471 2901.574636541732
92173.1265898614 2893.9353102566847
92420.83348237643 2891.954650874204
93612.10234850532 2867.482852303675
94678.62843952434 2867.2271160057735
94678.62843952446 2867.227116005773
94932.57896365822 2864.0929835599068
95002.58596985858 2864.049231177565
95030.59895460316 2860.326272363748
117075.38474387456 2857.0561801701383
