61248.08085957757 2570.7725918573756
61250.48247184859 2495.58280696282
61761.80200581933 2368.4738166564803
61884.82121869721 2364.6184774610188
61921.438319256864 2358.3209997270037
62633.342411291684 2356.282078699364
62998.51204736227 2352.199107231185
63227.37591877556 2331.842034109363
63961.53760616548 2320.086166903973
64360.79908656904 2320.0305759996286
65013.39173767388 2319.2167228402864
65066.07861803584 2310.781190683545
65668.82329553354 2308.919041504018
66162.48150173122 2305.6061645462632
66636.63832370145 2304.210005861122
66841.15941687983 2300.9108316977777
66867.03585432972 2300.45264587458
66875.02378816389 2291.872843081285
67352.81199561601 2290.703921656877
67400.32402115696 2286.7720579460065
67410.43240097605 2282.5355948866368
72619.84697235413 2281.6596747877484
73020.12390243763 2281.112197890162
73066.4940766879 2279.356821889674

