59757.89064331516 2567.6923452242527
60632.50282896025 2521.9359430475643
60802.28774573187 2521.02210072445
61064.814137457724 2470.1115124651456
61590.24560852236 2463.9798289227956
61591.0143188127 2452.946662034066
61775.3742565767 2440.298137252901
61820.769096343356 2434.1743519881497
61849.16231250515 2399.4406663222962
62152.29396980145 2390.5379107527324
62200.45773746679 2387.513014610241
62202.21646649935 2386.7632409638913
62248.51248122926 2371.5476685343174
62304.2204852665 2369.946967313514
62309.92650854302 2364.2681433703183
62367.160033882836 2364.2434408118093
62550.36280434056 2363.878743858898
62568.53942560208 2360.5694005519936
62583.053867877126 2349.7513832751088
62781.87374473768 2334.7963470322625
63624.38811970891 2327.7237116460055
63674.19383622577 2327.3076687241196
63961.55837699304 2313.7255613499456
63965.42996144603 2309.648190660868
64003.75145982046 2305.7878057309313
64040.42329688323 2300.885945063353
64940.48523850207 2295.3376734486665
73198.29533570471 2287.9817973480317

