60608.682586379255 2533.7428425565176
60982.85721424992 2499.295764358015
61413.10831928729 2461.9371724034554
61699.38986279445 2444.306855287883
62048.94896872001 2427.7496320995015
62228.771197984854 2408.7727348629674
62709.03580546782 2361.651254199021
62990.76445177008 2346.441023565844
63662.54340837607 2307.6130215281664
63663.31662970858 2307.5846690729827
64378.83235090167 2304.297024543498
64712.12945614279 2301.815157127404
65067.56056526798 2299.5405732958593
65108.81513964227 2296.281453411706
65327.755345911144 2289.5925399543385
65373.32512395775 2279.2049622868813
65380.41275007035 2278.16511544656
65540.28470399315 2277.829823904408
65547.32282402291 2277.531168340954
65548.40943981838 2277.4883405460077

