67197.06639765284 2549.996880312057
67410.26781284352 2487.3507479834
67484.34791264418 2486.454073990203
67534.08930541205 2439.7399026864923
67537.26887520016 2435.6789470664125
67562.13566862697 2399.232176155539
67802.02778893888 2349.8986038129697
68937.40455384656 2334.827630588674
68955.2361488317 2333.0458880522483
69026.40015244734 2326.651123056812
69362.5405956891 2325.364838080363
69429.83823990096 2320.0313239608377
70185.87052350407 2316.890099916716
70399.98625367119 2314.5714925301936
70535.78936577337 2306.5003032207815
70803.64874358408 2306.104713555589
70810.33092157033 2301.379577656996
70835.49245167429 2296.930165611417
70958.07816203444 2296.522276467137
71752.27009030883 2295.295660407214
71760.18789065909 2295.2540217112946
71761.5742682074 2295.1179358250324
72391.40525041992 2283.5270167268536
72990.40750704936 2281.971687846672

