66727.255103185 2362.067550758773
67006.46259502349 2356.3563825045726
67034.81338906361 2354.485254342049
67070.08011413686 2332.4578900317124
67919.60156057059 2326.56466060564
67921.78825561836 2326.5646606056393
68226.62026261992 2323.4539694108034
68351.21072612469 2319.797829609437
68471.24642475127 2318.0712525718477
68701.60529732669 2306.818890860974
69112.74672611765 2302.6954373656367
69235.72615641882 2293.93915913748
70115.890129125 2293.3495205284016
70210.90739797748 2293.2568577970533
70325.90307727022 2288.7722807122796
71680.5605290007 2283.9545972745736
73345.73431309366 2279.7497225580028

