60440.51804936781 2519.815070039998
60828.18348136888 2505.949762996531
61025.558241739556 2468.155894313044
61278.51164172412 2451.849543449996
61365.65061619475 2443.1305890979893
61380.54705725458 2435.538396124208
61531.02732928655 2375.8693471708057
62488.680599702355 2375.1904735125195
62904.415080088635 2374.9257751696086
62946.23149968299 2374.6578495488106
62960.887201412195 2374.5617715244994
62971.735403139624 2362.992234725129
62984.511784840164 2335.8857728429643
63429.49873995039 2335.8202609621308
63723.73351390929 2335.523860437544
63953.22070816106 2311.2009326391276
65467.41016007288 2304.5510240757762
66622.32681665769 2296.2303462926957
66677.0921764652 2285.618285735198

