67043.82676179019 2394.39268605886
67357.61532089868 2392.692958558388
67508.74062194707 2366.668430984836
67713.59059327426 2366.0413496450287
67776.24605716259 2356.775126803871
67873.17779916764 2348.46234533563
68179.13457275693 2348.4400819049697
68230.11984350959 2340.5062363080247
68269.25025986304 2335.8288644869203
68310.40427586563 2335.697064688251
68427.79045025674 2335.4977424299573
68493.53340231729 2316.459888253745
68649.20629454995 2308.4134380621285
68695.70648313302 2306.526560879869
69060.52519518955 2298.244988458237
69109.9078595346 2297.3665926828644
69116.66836544171 2297.349119201379
69130.43090364357 2293.7769768509306

