67043.82676179019 2394.39268605886
67242.67346109237 2393.3657131383447
67344.21454698157 2392.692958558387
67508.74062194707 2366.668430984836
67713.59059327426 2366.0413496450287
67776.24605716259 2356.775126803871
67873.17779916764 2348.46234533563
68179.13457275693 2348.4400819049697
68230.11984350959 2340.5062363080247
68269.25025986304 2335.8288644869203
68310.40427586563 2335.697064688251
68427.79045025674 2335.4977424299573
68493.53340231729 2316.459888253745
68506.5666575585 2308.4134380621285
68658.22945828724 2306.526560879869
68993.14873581943 2287.470160514812
