59757.89064331516 2567.6923452242527
60632.50282896025 2521.9359430475643
60802.28774573187 2521.02210072445
61064.814137457724 2470.1115124651456
61583.14437224473 2452.946662034066
61757.305612757424 2440.298137252901
61797.19041575071 2434.1743519881497
61849.16231250515 2399.4406663222962
62148.655327763816 2386.7632409638913
62227.61387544493 2371.5476685343174
62235.84628906902 2369.946967313514
62289.02790275867 2364.2681433703183
62291.069844890924 2364.2434408118093
62529.46419855621 2363.878743858898
62565.02351328654 2360.5694005519936
62565.02351328656 2360.569400551993
62580.308909984364 2349.7513832751088
62761.45128774105 2334.7963470322625
63620.48721722301 2327.3076687241196
63936.861669914215 2294.825282435092
65357.62656715057 2293.5477982673942
73198.29533570471 2287.9817973480317
