61248.08085957757 2570.7725918573756
61249.6226756999 2488.876928047673
61655.625367449655 2360.5573397421567
61679.16365075052 2356.3708340848852
61753.89331452794 2356.370834084885
61758.180884494745 2356.307818756295
61911.754726024374 2353.7791149154837
61914.6157046095 2353.055205588162
61930.5511167935 2349.9299836992086
62755.643024859855 2348.8455948091637
62757.77653363877 2347.8662214312026
63170.25044391701 2344.317048014015
63193.66262809974 2331.8420341093624
63886.273915168116 2320.0861669039728
63918.25191007703 2320.0305759996286
63980.89245839957 2317.90034874236
64218.04791383704 2313.453875354796
64442.22971844272 2309.441934019156
64882.78985563268 2309.1942069392453
65073.27859082901 2309.1667685839284
65073.27859082902 2309.166768583928
65080.86751951603 2308.1400747549487
65124.95593870067 2307.6288837582915
65236.42114054382 2306.0452785391303
65891.84173392244 2301.1480106610597
65895.62020983208 2301.038769646698
66626.63490620819 2291.8728430812844
66641.82734130046 2283.704516311044
67365.31012436644 2282.5355948866377
67365.31012436647 2282.5355948866354
72619.84697235413 2281.6596747877484
72947.22427433917 2281.112197890162
73055.50586262216 2279.356821889674
