66669.2171839792 2359.456189600644
66734.17836662554 2358.745728572745
67006.46259502349 2356.3563825045726
67034.81338906361 2354.485254342049
67069.39106037325 2332.4578900317124
67069.39106037327 2332.457890031712
67082.3551960363 2323.7173572340157
68219.13090146122 2323.4539694108034
68342.72725023524 2319.797829609437
68471.24642475127 2318.0712525718477
68477.93506958222 2294.1159937692173
68876.66088781304 2294.115993769217
69235.72615641882 2293.93915913748
69497.27379476256 2283.310111392927
73345.72422444877 2279.8303538011746
73345.73431309366 2279.7497225580028
