67142.52966870976 2549.996880312057
67400.6523246305 2486.454073990203
67499.33274828571 2390.619269369877
67508.05796658032 2352.571185874188
67749.4755464331 2349.8986038129697
68911.24794412902 2329.0790217203685
68917.78609924529 2328.735810314477
68931.96009297512 2327.2972791839416
68944.50830724246 2326.651123056811
68992.5446906851 2308.946234086729
70109.39936464549 2306.2349392657675
70508.62099905785 2304.64736009214
70683.9066251378 2302.3880962647986
70688.1611599228 2302.388096264798
70722.24186761188 2296.930165611416
70834.0620836517 2296.522276467137
71752.27009030883 2295.295660407214
71753.70225008702 2295.287899119753
71753.89076905047 2291.220953113098
71828.02327201824 2291.147634735242
71829.45543179638 2291.1398734477807
71829.88455649061 2285.378665889548
72391.40525041992 2283.5270167268536
72990.40750704936 2281.971687846672
