60608.682586379255 2533.7428425565176
60982.85721424992 2499.295764358015
61413.1083192872 2461.9371724034554
61694.82151772113 2444.306855287883
61979.35645722087 2416.8609681859184
61980.74248336023 2413.5393861007938
62198.19882487442 2412.485338304382
62199.58485101378 2409.1637562192573
62228.77119798478 2408.772734862967
62709.03580546764 2361.6512541990196
62730.09765273929 2346.4410235658434
62754.45559953312 2343.4751536902027
63168.54169564842 2304.0969382688354
63305.07506478719 2300.807736184234
63462.90387926864 2300.032139175919
63464.45697682032 2298.6800636337944
63740.98954432353 2298.5331523526893
63847.65640363915 2297.1914561687413
64907.72260967186 2294.967628160234
65142.47607833031 2285.2708413384944
65142.47607833033 2285.270841338494
65149.14788387083 2283.4764276953833
65149.147883870835 2283.476427695383
65191.959337943576 2278.50659880496
65198.84349929004 2278.1797109340428
65200.08407376876 2278.1651154465603
65200.084073768805 2278.16511544656
65359.95602769163 2277.829823904408
65366.99414772134 2277.531168340954
65548.40943981838 2277.4883405460077
65845.21742022992 2277.0352368016092
