865.80414989477 149.68597445686189
870.460836275485 144.07811830085564
872.304118107859 139.81200950501596
872.3041181078594 139.8120095050159
872.3041181078597 139.81200950501588
872.30411810786 139.81200950501565
873.3254464297241 138.8863408329749
873.5754261328557 133.9977360434552
873.5754261328559 133.99773604345518
874.8228598861317 125.96996669958725
889.451749932469 124.65429447995268
889.4517499324696 124.65429447995263
905.9893023938125 119.36378374916757
931.9415155009248 117.95269172400035
