61377.65643656222 3078.1223929571543
61868.28011306984 3023.774999480603
62248.37761688403 3022.8826134268434
62294.3307845302 3021.3004315674725
62755.8578538708 3009.690941356432
62865.175716642974 3005.277090105732
62918.433007907406 2985.4947100131044
62924.7352568402 2985.494710013104
62939.42883441843 2970.9647958172472
62944.22131588608 2967.4055376875763
62948.88456032235 2958.131519406322
62952.62147548342 2957.4466275195437
64791.03217754508 2917.820703803055
65049.47124457633 2917.8207038030546
65342.00908451884 2916.1570849567206
68442.90523695812 2910.072802661697
79364.46292229138 2903.999382594642

