61377.65643656222 3078.1223929571543
61858.39171968038 3023.774999480603
61942.0722297263 3022.882613426842
62245.76289127128 3021.3004315674725
62682.12439349971 3009.690941356432
62784.184981568644 3005.5601482731286
62849.83630823993 3005.277090105731
62856.162876616625 3005.2770901057293
62874.62668992638 2995.0791758614205
62877.32517718815 2991.472042690065
62905.917414191004 2991.4720426900644
62912.411345985536 2990.783333980204
62915.721064144265 2985.4947100131044
62915.72106414428 2985.494710013103
62919.71472338312 2972.801541682409
62919.714723383135 2972.8015416824082
62926.57226634171 2958.1315194063213
62929.94663062309 2957.592986833416
62952.62147548342 2957.4466275195437
62952.621475483524 2957.4466275195427
64691.99981222184 2917.820703803055
64752.938892842045 2917.820703803054
65342.00908451884 2916.1570849567206
68180.21758325891 2910.072802661697
79364.46292229138 2903.999382594642
