14136.648959766158 2975.2847058229986
14171.507918416955 2922.123654584035
14263.65270284244 2902.091041525689
14288.980837056879 2872.544419930404
14321.735514295446 2868.942502132687
14335.591011614231 2852.7702495781127
14432.234015323895 2849.599947775859
14480.058442621414 2761.7740998900695
14805.648871502775 2760.889102527744
14891.718864698862 2760.8296328875
14895.014009289123 2759.732771815043
14920.78561013442 2759.5430629106518
14943.19895144251 2759.181190302209
14976.052822330461 2758.528494719336
15012.264764411946 2756.9672884125835
15074.880126082662 2756.5991982322635
15147.57771358702 2752.565622821353
15150.31395592221 2752.37037422388
15158.959742461924 2749.2912031240567
15202.492637562205 2749.0215880442615
15204.364551846667 2742.925776498023
15219.642100121724 2742.548272477082
15612.122351783972 2733.2559011472554
15784.851731091829 2729.9100721063974
16172.179815460064 2728.4099997063954

