14197.09020281351 2931.818004352579
14317.289897925015 2897.1429177360365
14342.45042359843 2886.4245575655123
14374.703829622209 2874.2746671307964
14521.987281997444 2845.497785866726
14576.520925791687 2841.4497340727953
14635.908052288589 2839.66181849919
14647.642339225542 2836.540265016576
14665.891932384662 2748.068084332061
14665.891932384664 2748.0680843320606
14667.531131834483 2747.9612819564027
14667.531131834485 2747.961281956402
14674.66075604362 2747.6431304391535
14683.914544338266 2746.10981700628
14683.914544338268 2746.1098170062796
14770.285377389931 2744.6925327234676
14770.285377389933 2744.692532723467
14876.807399419187 2744.684191226672
14879.752089565696 2743.3104815028537
14883.594281262358 2743.2871175213495
14897.126068427366 2742.3474815454433
15162.317925650752 2742.2163229991925
15402.524123701272 2740.910865833431
15405.773539542064 2738.563461338532
15409.953811164894 2736.47711515496
15774.813602405979 2732.5634863745977

