13869.017995802049 3151.5323844443064
14109.15396472844 3069.3840139825656
14150.810089236595 3005.6216647629344
14177.553765043212 3003.5358828383137
14196.315349022338 2934.260784956146
14256.477758966135 2844.0245302300764
14260.619583831565 2840.426522991894
14390.754002266243 2838.1755340068084
14407.65081389912 2835.745307404435
14490.447963607798 2834.2885101386178
14512.942533561873 2781.377118788284
14514.822077537985 2771.9589866405963
14590.656167108584 2769.019636783016
14735.702204680056 2760.829632887495
14819.801094006025 2751.3533258394637
14875.119815786486 2751.1189734179266
14905.129804357915 2748.893918856877
14937.75831272539 2746.5465143619776
15068.467373950863 2744.800512536499
15076.576538742056 2742.017507490641
15461.832724154101 2724.871669373251
15462.101345829678 2723.6352824648025
15557.827475515598 2721.175921341772

