14096.950619565712 3176.311705633886
14113.534231267644 2895.0507790141064
14126.897085183398 2891.425161516189
14146.868087331433 2847.2063929633678
14362.511505008617 2842.6681065388066
14384.45428051908 2782.8664083427097
14517.164399963167 2780.072185333675
14549.416598871052 2774.541589074863
14672.837784597461 2756.8031006722554
14922.609166558505 2747.5998634652715
14938.631082838872 2747.525700118213
14991.680259382814 2747.4164091574357
15045.635533129094 2744.4456186669872
15183.83698883684 2743.377185890522
15414.859245429101 2736.907049873267
15720.496160813611 2735.4378951879526
15840.150624543285 2732.6381228708387
15852.219832253866 2732.5333756249474
15882.595161966081 2732.380433518555
15892.727278097609 2731.1857541475006

