14004.864499467374 3150.1369257009305
14116.295455692387 3043.9380205826224
14117.433614937132 2971.1369138045093
14149.964526803014 2967.9584882693994
14189.437604437462 2964.25730064214
14208.403122522344 2954.898478703485
14216.9436698496 2939.180190067087
14232.4882966483 2880.7023967127534
14257.525696145074 2877.201085429917
14278.346496283222 2873.4121489282775
14290.879757291485 2867.716459282635
14308.60323420575 2856.5768703090057
14311.266251974259 2837.2965898733246
14335.990966436166 2828.7212824017997
14343.286471338366 2825.9945434549145
14352.333602738165 2825.673535808275
14380.324430740258 2823.3420511258273
14410.316106903538 2804.153708058556
14475.110494171498 2794.9027961309675
14657.878993680259 2787.326759213015
14710.903197022488 2774.661763888805
14730.52283171616 2769.855605643862
14796.429685893367 2760.6634607263836
14823.858022496215 2755.3192929664733
14863.993146761719 2754.651858352423
15036.859344500781 2753.47163869979
15063.764416613285 2753.3081076371295
15065.71594257606 2751.7066367846237
15070.986486921694 2748.2079445517325
15097.840786384186 2746.347569370234
15110.27587377677 2743.678937680396
15534.459121135536 2743.07053329274
15577.74608918328 2738.7756931323574
15720.765158480663 2731.050453838884

