13924.286692868052 3285.3791484426947
13966.416236401916 3100.4352308762877
14003.03788420013 3000.438822375032
14086.501089863883 2893.957073713237
14105.743596168464 2893.8234991183485
14116.489057016362 2866.7219671081953
14169.114077615517 2866.4790232838036
14209.274632069773 2865.2667609001323
14225.19930188423 2863.977917646522
14366.212107637592 2855.6688687937785
14383.337199551977 2853.417879808693
14395.570209137572 2776.379082058445
14655.160276892319 2763.424102947962
14663.933535138016 2760.091124964497
14723.728012595075 2759.6661710715894
14797.950329227027 2758.9595392878514
14836.071666741753 2749.762322221739
14905.152941515875 2746.171012714063
14947.91352289758 2745.851965166763
15211.052850094518 2745.696301736555
15309.320644069032 2745.433142513252
15339.058073041808 2745.38244068712
15341.49227126271 2744.409731759707
15397.186112293453 2743.049459231449
15544.051742769043 2741.883763140885
15842.74943788497 2740.637554894168

