13948.6559704674 3247.010401227063
14041.48009987318 3173.8289831922625
14041.992060810728 3098.3935549834846
14120.828832143206 2964.4859302842747
14124.2238395382 2869.2376854376416
14291.612547158198 2865.0951751674797
14346.480109504755 2864.830924219871
14354.870707172195 2761.419364500049
14384.479592438338 2759.174059323181
14406.79257034679 2758.8264549121886
14436.529044643008 2758.64033554066
14469.44131761727 2757.5186884621007
14549.455849886255 2756.8469054441002
14609.149671192408 2754.68206524384
14897.312514350651 2753.530102280007
15019.705761914884 2753.033778249128
15065.001565994555 2752.5442717043034
15072.486398529298 2745.489287981143
15140.626932345822 2744.863285813237
15214.538146966612 2744.0479266117727
15384.048142981943 2743.990988327305
15386.069364835352 2738.1998095981526
15396.08007640068 2738.017436657681
15404.64661067349 2737.5651609271463
15413.456534081199 2735.2065836551596
15602.437551520441 2734.996409945751
15611.699430204248 2734.9964099457507

