16019.2930   2804.1690
15637.8850   2805.1080
15629.3500   2805.4000
15628.9480   2805.8810
15627.7950   2805.9930
15610.5790   2806.2270
15568.8650   2806.2450
15563.2310   2808.8670
15548.2110   2809.0400
15546.1280   2811.0330
15544.6580   2811.8140
15531.3730   2813.0680
15530.3580   2818.3580
15517.3590   2820.2730
15513.5200   2822.3860
15359.4510   2827.7830
15328.6500   2831.4230
15323.0760   2831.7480
15319.3570   2833.4720
15315.6320   2833.4790
15314.0010   2834.6380
15216.9310   2835.9220
15171.3790   2839.2260
15155.9430   2839.9980
15089.9690   2870.8750
15078.4590   2901.5190
