13821.547412191027 2869.2472753087955
13926.168947461412 2869.2376854376253
13926.168947461416 2869.237685437623
13942.086572553508 2760.609927185748
13942.086572553515 2760.609927185747
13958.712698068308 2760.4908066546063
13958.71269806831 2760.490806654606
13958.712698068312 2760.4908066545986
13974.47348401168 2758.9931596608294
13974.473484011687 2758.9931596608244
13974.473484011689 2758.993159660822
14058.912422480425 2750.678685665648
15005.355004878567 2729.0400295933027
15110.5473389947 2728.4518070834188
15155.805738476392 2683.016209245957
