14070.750204249933 2868.33813165894
14494.793664362856 2835.486768326878
14537.776058995018 2817.913461059533
14665.891932384644 2748.068084332055
14667.531131834477 2747.9612819563963
14674.660756043611 2747.6431304391535
14674.660756043613 2747.6431304391504
14683.914544338259 2746.1098170062805
14683.914544338262 2746.109817006277
14770.28537738992 2744.6925327234676
14770.28537738993 2744.692532723464
14777.968841811771 2744.684191226672
14777.968841811775 2744.684191226668
14780.913531958273 2743.310481502854
14780.91353195828 2743.3104815028537
14780.913531958286 2743.31048150285
14784.755723654944 2743.2871175213486
14784.755723654947 2743.2871175213463
14798.287510819946 2742.347481545442
14798.287510819955 2742.3474815454397
14996.586514946524 2741.580821618172
15172.11564492522 2740.565542550299
15391.219081996815 2740.2487193334014
15404.320604207698 2738.563461338532
15409.953811164894 2736.47711515496
15409.9538111649 2736.4771151549594
15774.813602405979 2732.5634863745977
