13848.929406738029 3132.224854489257
14171.23912780803 2761.9927854044445
14275.996608436482 2759.196894771932
14384.498389749198 2758.7719408790244
14388.96591761733 2755.2478812015174
14388.965917617332 2755.2478812015015
14400.717059293882 2743.9382444945977
14400.717059293886 2743.938244494597
14429.809510044017 2743.5924179046456
14429.809510044024 2743.5924179046447
14568.061948636525 2742.2332427077677
15025.080811515742 2741.4602599149825
15025.080811515745 2741.4602599149807
15226.600413780208 2741.349566362476
15266.4131855108 2740.425612295136
