13869.017995802049 3151.5323844443064
14033.541957377805 2904.0947349224853
14139.290334043239 2896.7800115819246
14139.29033404324 2896.780011581924
14212.02536312118 2844.024530230073
14226.788180875445 2839.4007263292
14226.788180875448 2839.400726329193
14307.505502261702 2828.356732761405
14307.505502261713 2828.3567327614023
14341.443550046464 2797.325424337326
14341.443550046468 2797.325424337323
14360.939248827079 2797.217650228109
14459.437076741517 2768.6225069179436
14530.753396202434 2762.25579586287
14530.753396202439 2644.0524439553687
