14017.06416105788 2851.3166598401644
14037.140971510436 2849.9039945409363
14038.582466533495 2843.1185376566755
14054.568070225609 2761.4340858226487
14054.568070225618 2761.434085822648
14066.58808812475 2761.3495085115965
14066.588088124754 2761.349508511596
14066.588088124761 2761.3495085115937
14097.615577464054 2761.0637852321556
14097.615577464056 2761.063785232154
14103.714590635085 2761.027448452734
14109.6355953632 2760.9792079211
14123.441505756902 2760.883813603384
14154.878139908134 2759.2092906770213
14229.043498383122 2758.974678840075
14229.043498383126 2758.974678840063
14729.698932994048 2758.664307382106
14733.737849792142 2758.664307382105
14854.727645682322 2744.689768025918
15127.01591752996 2742.5482724770764
15502.975035835676 2730.5187371088755
15784.851731091829 2729.9100721063974
16172.179815460064 2728.4099997063954
