13861.091430899744 2866.7219671081857
13953.302015546611 2866.479023283794
13972.452013869359 2865.39447616572
13972.45201386936 2865.394476165713
13996.225985137162 2863.977924469927
14136.684754215596 2863.9779176465054
14242.411180559086 2755.3164250006926
14242.411180559087 2755.316425000691
14242.41118055909 2755.31642500069
14244.546714734057 2754.9389209797637
14244.546714734062 2754.9389209797537
14244.546714734064 2754.938920979748
14297.05824305881 2754.867273317328
14297.058243058815 2754.8672733173144
14297.058243058817 2754.867273317312
14420.510000674429 2753.1568841553544
14420.510000674438 2753.1568841553394
14420.51000067444 2753.1568841553335
14426.838621702569 2752.194145754487
14426.838621702576 2752.1941457544667
14429.146874893562 2752.067026429323
14429.146874893568 2752.067026429301
14518.021232373343 2752.0615145613983
14518.021232373358 2752.0615145613774
14518.021232373363 2752.0615145613765
14518.021232373365 2752.061514561376
14642.11579574939 2743.711605731475
14642.115795749392 2743.711605731455
14642.115795749398 2743.711605731454
14702.579608743292 2743.3632501672705
14702.579608743297 2743.363250167249
14924.350240012902 2743.049459231448
14924.350240012916 2743.049459231426
15074.681796776847 2742.263636821416
15074.681796776855 2742.263636821396
15074.681796776857 2742.2636368213957
15111.698268947279 2742.1953542286874
15111.698268947284 2742.195354228667
15271.021897217628 2734.5439806125564
15277.571110397097 2734.4764306068546
15370.914925416087 2722.139070699831
