1416.2136758221964 130.28469682301485
1416.2136758221966 130.28469682301483
1423.4920436693901 129.01886864301062
1437.6465563412576 123.53971347216155
1441.7450008745777 123.24290088397747
1444.1688248210423 119.11187215532581
1446.956750861396 116.57767389581373
1478.3813753629584 114.10614485444225
1480.2899661067854 113.81569977913306
1483.0043678615946 113.5375414763322
1484.4063789449872 113.04843385514917
1507.7103825349063 112.69562595846095
1508.8650702958666 112.09962829453458
1514.325731629688 111.93797218721922
1514.8200298508789 111.83064558965499
1515.5361616012658 111.72146501336981
1524.1762026185913 111.7030452760932
1527.6096301336727 111.1515530350924
1528.3883921607135 110.74444480224504
1533.996348341925 109.51047208589968
1557.44190651053 109.4931283155294
1557.969138774538 108.99611575654036
1563.2513013786647 108.80931552385593
1578.0389155256573 107.67287599622608
1664.4580422526042 106.81534848604635
1664.516031570632 106.39654208517366

