1403.095242480425 135.97638069088072
1419.8270351822246 119.11035901324298
1435.4469668431254 116.56028032429985
1451.622148785668 116.56028032429984
1453.3995786060375 115.34253007761063
1458.5682270234643 110.74754210053885
1509.1737757623496 110.73764684086525
1509.996183051573 109.94575831915111
1512.3348437211523 108.71659496699459
1525.4644430289745 107.37427476312452
1530.3617543738933 107.13118462130507
1530.6900599492876 107.13118462130505
1542.6522078776097 107.07447834319566
1549.164241553004 107.0663428072609
1550.926197026032 106.79611639605723
1579.0373303386214 105.4099240401681

