1444.8158788748733 115.80556293134822
1446.3046593058439 112.7457257388215
1459.596098249937 111.9211322349289
1470.670357029983 111.81769436232432
1473.0200658111876 110.17299993331646
1483.071954369473 109.73107031627839
1486.1037116231987 108.89736856081501
1505.7419911992588 108.70289516210752
1505.9471451408103 108.59904283501668
1506.2374480885485 108.25631671270719
1547.0257242691084 107.89960180064395
1556.5347464639158 107.75948550605582
1557.0401959724206 107.60257316473675
1591.9077321103691 107.19643186404988
1602.6360977805737 106.51332129845616
1617.8704281518899 106.32228646801066

