1450.6151381091017 122.43232812036103
1459.3237747649898 119.23050776575812
1462.9064190716585 117.40327386572577
1469.8139746686247 116.1395485621409
1479.420254022808 114.01848264008107
1487.2159187509092 114.01848264008106
1491.7000031171378 113.80405140213102
1500.864826405015 111.16303293811568
1510.493965988804 110.85178854536045
1511.3695196692447 110.4001696972716
1514.4207607122705 110.22300072170398
1526.0393530617866 110.00424319982302
1536.100638251841 108.26901405078856
1539.4492816863626 107.70272589667184
1556.2646986716395 107.59464867063487
1565.2665329849872 106.96874671805008
1569.5749430453172 106.92586703515296
1591.984982129366 106.92586703515293
1609.5444563238527 106.85921588414612
1617.7391447943328 106.33092448955891

