1416.2136758221961 130.28469682301488
1416.2136758221964 130.28469682301483
1423.4920436693901 129.01886864301062
1435.615454546389 123.53971347216155
1441.7450008745777 123.24290088397747
1444.1688248210423 119.11187215532581
1446.956750861396 116.57767389581373
1476.2935744965343 116.43085117901896
1478.191550922566 113.81569977913306
1483.0043678615946 113.5375414763322
1484.4063789449872 113.04843385514917
1507.7103825349063 112.69562595846095
1508.5051039629104 112.09962829453458
1511.9516390389485 111.93797218721922
1512.153857985211 111.830645589655
1512.1538579852113 111.83064558965499
1514.6595420609096 111.72146501336981
1518.5856854447463 111.19300943719941
1527.6096301336727 111.1515530350924
1528.3883921607135 110.74444480224504
1533.996348341925 109.51047208589968
1557.44190651053 109.4931283155294
1557.969138774538 108.99611575654036
1563.2513013786647 108.80931552385593
1578.0389155256573 107.67287599622608
1662.4032508193197 106.81534848604635
1664.516031570632 106.39654208517366
