1403.095242480425 135.97638069088072
1411.7595260655864 119.11035901324298
1421.8839424466285 116.56028032429982
1421.8839424466287 116.56028032429981
1430.2889144435721 116.09021697680554
1449.340290483219 114.51150090045961
1457.6266288143813 110.74754210053885
1483.4522678910114 109.94575831915108
1492.9063618344073 107.9178497704659
1520.3237434936236 107.3742747631245
1530.3617543738933 107.13118462130507
1530.6900599492876 107.13118462130505
1542.6522078776097 107.07447834319566
1548.8775287214003 107.01418464496284
1550.926197026032 106.79611639605723
1576.444324212926 105.4099240401681
