1450.6151381091017 122.43232812036103
1454.5634007991 114.95413584998043
1465.6851994425615 113.97020034810834
1465.6851994425617 113.9702003481083
1468.006929109537 113.80405140213101
1500.864826405015 111.16303293811568
1510.493965988804 110.85178854536045
1511.3695196692447 110.4001696972716
1514.4207607122705 110.22300072170398
1526.0393530617866 110.00424319982302
1536.100638251841 108.26901405078856
1539.4492816863626 107.70272589667184
1551.6996198516822 107.59464867063487
1564.6081294593196 106.96874671805008
1567.5287982845318 106.92586703515296
1591.599717700956 106.92586703515293
1606.6628197803666 106.85921588414612
1609.2576650188157 106.33092448955891
