1444.8158788748733 115.80556293134822
1446.3046593058439 112.7457257388215
1457.605426707057 111.81843339569866
1464.4390104752526 111.81769436232426
1471.3154117460567 109.73107031627836
1484.8646546400046 108.89736856081501
1494.8193796065289 108.72355833161377
1498.6888196963903 108.70289516210752
1498.6888196963907 108.70289516210751
1505.9471451408103 108.59904283501668
1506.2374480885485 108.25631671270719
1547.0257242691084 107.89960180064395
1556.028224461038 107.85551261123287
1556.5347464639158 107.75948550605582
1557.0401959724188 107.60257316473675
1589.8396684785218 107.19643186404988
1589.839668478522 107.19643186404984
1592.9553128716734 106.51332129845616
1617.8704281518892 106.32228646801066
