Route	218	248	67	229	178
Route	153	180	123	172	
Route	115	124	110	104	
Route	156	214	140	226	
Route	163	240	133	57	152
Route	255	127	203	196	
Route	205	256	176	192	113
Route	76	243	31	53	
Route	170	254	141	47	
Route	262	166	20	10	
Route	142	260	222	145	135
Route	30	64	6	3	
Route	235	173	161	69	125
Route	164	234	114	13	219
Route	85	107	8	9	37
Route	147	238	66	98	112
Route	81	233	109	29	263
Route	130	38	7	5	
Route	185	148	137	144	198
Route	32	28	11	71	1
Route	26	119	61	93	2
Route	227	25	149	68	
Route	228	213	216	169	136
Route	183	204	174	181	
Route	94	16	45	41	102
Route	74	244	210	220	160
Route	241	159	182	162	
Route	21	258	231	73	
Route	99	200	207	179	15
Route	117	80	131	48	247
Route	242	190	12	54	146
Route	187	157	158	33	211
Route	155	221	129	75	92
Route	42	151	132	212	
Route	105	184	34	175	
Route	171	193	62	143	186
Route	101	56	35	39	208
Route	40	70	82	49	106
Route	249	51	89	189	
Route	120	100	17	122	
Route	195	202	165		
Route	97	265	259	150	43
Route	14	116	50	55	60
Route	225	87	22	23	
Route	177	86	95	52	251
Route	126	121	96	77	
Route	206	197	237	88	103
Route	224	91	58	18	
Route	257	78	83	72	
Route	118	111	36	46	4
Route	108	167	19	24	128
Route	253	245	63	188	
Route	90	65	44	59	194
Route	84	230	217	134	239
Route	191	209	154	246	
Route	168	264	199	252	79
Route	236	261	139	27	223
Route	232	250	138	201	215
