Route	128	63	143	131	7	34	59
Route	238	192	161	89			
Route	155	108	32	130	38		
Route	210	112	16	240			
Route	11	43	181	173			
Route	100	133	149	136	118		
Route	165	176	75	10			
Route	65	5	223	142	73	81	
Route	151	77	172	189			
Route	132	97	180	183			
Route	91	39	195	197	152		
Route	159	56	113	235			
Route	49	114					
Route	186	52	179	185	218		
Route	21	140	60	83	87		
Route	224	30	201	8			
Route	105	119	232	230	205	35	
Route	69	92	124	184	95	70	138
Route	67	123	237	110			
Route	25	20	50	241	231	166	
Route	208	156	90	19	47		
Route	211	3	88	80	33	31	206
Route	217	18	170	214	71	62	
Route	27	55	187	199	127	147	
Route	225	222	58	125	233		
Route	9	167	174	93	84		
Route	101	157	209	207			
Route	126	190	42				
Route	122	76	17	160	135	44	158
Route	141	64	226	175	46	188	
Route	22	37	239	200	198		
Route	216	171	57				
Route	111	163	1	202	4		
Route	45	72	164	219	221		
Route	177	94	169	234	26		
Route	36	79	14	203	153		
Route	54	85	236	15	129		
Route	146	134	150	12	139	68	6
Route	96	196	121				
Route	103	86	228	82	168	212	
Route	215	220	213	117	98	28	
Route	148	104	144	162	182	191	
Route	61	51	194	204	115		
Route	137	13	107	227			
Route	120	41	193	109	178	40	
Route	24	29	99	74	154		
Route	78	145	66	102	48		
Route	116	53	23	2	229	106	
